0 5.14403e-08 
0.0276393 4.17208e-08 
0.0723607 2.90817e-08 
0.1 2.28617e-08 
0.1 2.27183e-08 
0.127639 1.83879e-08 
0.172361 1.27117e-08 
0.2 9.90258e-09 
0.2 9.82609e-09 
0.227639 7.94375e-09 
0.272361 5.44678e-09 
0.3 4.20126e-09 
0.3 4.16143e-09 
0.327639 3.36392e-09 
0.372361 2.2879e-09 
0.4 1.74556e-09 
0.4 1.72531e-09 
0.427639 1.39642e-09 
0.472361 9.42125e-10 
0.5 7.10114e-10 
0.5 7.00065e-10 
0.527639 5.68277e-10 
0.572361 3.80331e-10 
0.6 2.82785e-10 
0.6 2.77916e-10 
0.627639 2.26734e-10 
0.672361 1.50525e-10 
0.7 1.10198e-10 
0.7 1.07912e-10 
0.727639 8.86808e-11 
0.772361 5.84467e-11 
0.8 4.20695e-11 
0.8 4.11027e-11 
0.827639 3.39012e-11 
0.872361 2.20418e-11 
0.9 1.60935e-11 
0.9 1.50143e-11 
0.927639 1.41179e-11 
0.972361 6.49792e-12 
1 1.9524e-12 
1 1.34675e-12 
1.02764 4.031e-12 
1.07236 1.52678e-11 
1.1 1.93394e-11 
1.1 2.03809e-11 
1.12764 2.02273e-11 
1.17236 3.26882e-11 
1.2 4.57914e-11 
1.2 4.67032e-11 
1.22764 5.79405e-11 
1.27236 8.66466e-11 
1.3 1.14632e-10 
1.3 1.15003e-10 
1.32764 1.4892e-10 
1.37236 2.24267e-10 
1.4 2.9079e-10 
1.4 2.90734e-10 
1.42764 3.75722e-10 
1.47236 5.64293e-10 
1.5 7.25761e-10 
1.5 7.25221e-10 
1.52764 9.31671e-10 
1.57236 1.38883e-09 
1.6 1.77549e-09 
1.6 1.77408e-09 
1.62764 2.266e-09 
1.67236 3.34878e-09 
1.7 4.25688e-09 
1.7 4.25367e-09 
1.72764 5.40254e-09 
1.77236 7.91332e-09 
1.8 1.0003e-08 
1.8 9.99611e-09 
1.82764 1.26246e-08 
1.87236 1.8327e-08 
1.9 2.30375e-08 
1.9 2.30234e-08 
1.92764 2.89142e-08 
1.97236 4.15997e-08 
2 5.20012e-08 
2 5.19727e-08 
2.02764 6.49042e-08 
2.07236 9.2546e-08 
2.1 1.15043e-07 
2.1 1.14987e-07 
2.12764 1.42792e-07 
2.17236 2.01787e-07 
2.2 2.49446e-07 
2.2 2.49338e-07 
2.22764 3.07894e-07 
2.27236 4.3122e-07 
2.3 5.30104e-07 
2.3 5.29902e-07 
2.32764 6.50684e-07 
2.37236 9.03177e-07 
2.4 1.10412e-06 
2.4 1.10375e-06 
2.42764 1.34774e-06 
2.47236 1.85402e-06 
2.5 2.25392e-06 
2.5 2.25326e-06 
2.52764 2.73598e-06 
2.57236 3.73015e-06 
2.6 4.50953e-06 
2.6 4.50838e-06 
2.62764 5.44364e-06 
2.67236 7.3554e-06 
2.7 8.84287e-06 
2.7 8.84091e-06 
2.72764 1.06154e-05 
2.77236 1.42153e-05 
2.8 1.69951e-05 
2.8 1.69919e-05 
2.82764 2.02884e-05 
2.87236 2.69261e-05 
2.9 3.20129e-05 
2.9 3.20076e-05 
2.92764 3.80043e-05 
2.97236 4.99872e-05 
3 5.9101e-05 
3 5.90927e-05 
3.02764 6.97727e-05 
3.07236 9.09525e-05 
3.1 0.000106938 
3.1 0.000106926 
3.12764 0.000125547 
3.17236 0.000162195 
3.2 0.000189646 
3.2 0.000189627 
3.22764 0.000221411 
3.27236 0.000283486 
3.3 0.000329625 
3.3 0.000329598 
3.32764 0.000382703 
3.37236 0.000485618 
3.4 0.000561523 
3.4 0.000561485 
3.42764 0.000648325 
3.47236 0.000815316 
3.5 0.000937529 
3.5 0.000937477 
3.52764 0.00107645 
3.57236 0.00134161 
3.6 0.00153416 
3.6 0.00153409 
3.62764 0.00175172 
3.67236 0.0021637 
3.7 0.00246052 
3.7 0.00246043 
3.72764 0.00279385 
3.77236 0.00342007 
3.8 0.00386769 
3.8 0.00386759 
3.82764 0.0043673 
3.87236 0.00529838 
3.9 0.00595863 
3.9 0.00595851 
3.92764 0.00669103 
3.97236 0.00804491 
4 0.00899727 
4 0.00899714 
4.02764 0.0100471 
4.07236 0.011972 
4.1 0.0133151 
4.1 0.013315 
4.12764 0.0147864 
4.17236 0.0174616 
4.2 0.0193129 
4.2 0.0193128 
4.22764 0.021328 
4.27236 0.0249615 
4.3 0.027455 
4.3 0.0274549 
4.32764 0.0301515 
4.37236 0.0349725 
4.4 0.0382529 
4.4 0.0382528 
4.42764 0.041777 
4.47236 0.0480232 
4.5 0.0522368 
4.5 0.0522368 
4.52764 0.0567331 
4.57236 0.0646318 
4.6 0.0699131 
4.6 0.0699133 
4.62764 0.07551 
4.67236 0.0852533 
4.7 0.0917087 
4.7 0.091709 
4.72764 0.0985016 
4.77236 0.110216 
4.8 0.117905 
4.8 0.117905 
4.82764 0.125937 
4.87236 0.139653 
4.9 0.148568 
4.9 0.148568 
4.92764 0.157808 
4.97236 0.17343 
5 0.183479 
5 0.183479 
5.02764 0.193811 
5.07236 0.21109 
5.1 0.222084 
5.1 0.222085 
5.12764 0.233291 
5.17236 0.251816 
5.2 0.263463 
5.2 0.263463 
5.22764 0.275224 
5.27236 0.29442 
5.3 0.306331 
5.3 0.306331 
5.32764 0.318233 
5.37236 0.337382 
5.4 0.349086 
5.4 0.349087 
5.42764 0.360641 
5.47236 0.378919 
5.5 0.389892 
5.5 0.389892 
5.52764 0.400566 
5.57236 0.417101 
5.6 0.426802 
5.6 0.426802 
5.62764 0.436057 
5.67236 0.449994 
5.7 0.457909 
5.7 0.457908 
5.72764 0.465247 
5.77236 0.47582 
5.8 0.481506 
5.8 0.481505 
5.82764 0.486512 
5.87236 0.493115 
5.9 0.496243 
5.9 0.496242 
5.92764 0.498625 
5.97236 0.50087 
6 0.501254 
6 0.501253 
6.02764 0.50087 
6.07236 0.498623 
6.1 0.49624 
6.1 0.496239 
6.12764 0.493113 
6.17236 0.486507 
6.2 0.4815 
6.2 0.481499 
6.22764 0.475815 
6.27236 0.465241 
6.3 0.457901 
6.3 0.4579 
6.32764 0.449988 
6.37236 0.43605 
6.4 0.426793 
6.4 0.426792 
6.42764 0.417094 
6.47236 0.400558 
6.5 0.389883 
6.5 0.389882 
6.52764 0.378911 
6.57236 0.360633 
6.6 0.349077 
6.6 0.349077 
6.62764 0.337374 
6.67236 0.318226 
6.7 0.306323 
6.7 0.306323 
6.72764 0.294413 
6.77236 0.275219 
6.8 0.263456 
6.8 0.263456 
6.82764 0.251809 
6.87236 0.233287 
6.9 0.222079 
6.9 0.22208 
6.92764 0.211086 
6.97236 0.193808 
7 0.183476 
7 0.183476 
7.02764 0.173427 
7.07236 0.157807 
7.1 0.148566 
7.1 0.148567 
7.12764 0.139651 
7.17236 0.125936 
7.2 0.117905 
7.2 0.117906 
7.22764 0.110216 
7.27236 0.0985023 
7.3 0.0917101 
7.3 0.0917107 
7.32764 0.0852539 
7.37236 0.0755115 
7.4 0.0699152 
7.4 0.0699157 
7.42764 0.0646332 
7.47236 0.0567349 
7.5 0.0522393 
7.5 0.0522397 
7.52764 0.0480252 
7.57236 0.0417791 
7.6 0.0382556 
7.6 0.0382558 
7.62764 0.0349746 
7.67236 0.0301535 
7.7 0.0274576 
7.7 0.0274577 
7.72764 0.0249637 
7.77236 0.0213299 
7.8 0.0193153 
7.8 0.0193153 
7.82764 0.0174637 
7.87236 0.014788 
7.9 0.0133171 
7.9 0.0133171 
7.92764 0.0119739 
7.97236 0.0100486 
8 0.00899888 
8 0.00899881 
8.02764 0.00804648 
8.07236 0.0066922 
8.1 0.00595988 
8.1 0.00595977 
8.12764 0.00529966 
8.17236 0.00436824 
8.2 0.00386862 
8.2 0.0038685 
8.22764 0.00342107 
8.27236 0.00279457 
8.3 0.00246118 
8.3 0.00246106 
8.32764 0.00216445 
8.37236 0.00175225 
8.4 0.00153461 
8.4 0.0015345 
8.42764 0.00134217 
8.47236 0.00107684 
8.5 0.000937825 
8.5 0.000937725 
8.52764 0.000815712 
8.57236 0.000648606 
8.6 0.000561708 
8.6 0.000561624 
8.62764 0.000485891 
8.67236 0.000382899 
8.7 0.000329734 
8.7 0.000329667 
8.72764 0.00028367 
8.77236 0.000221546 
8.8 0.000189705 
8.8 0.000189653 
8.82764 0.000162316 
8.87236 0.000125638 
8.9 0.000106968 
8.9 0.000106929 
8.92764 9.10291e-05 
8.97236 6.98321e-05 
9 5.91136e-05 
9 5.90853e-05 
9.02764 5.00348e-05 
9.07236 3.80426e-05 
9.1 3.20164e-05 
9.1 3.19965e-05 
9.12764 2.69548e-05 
9.17236 2.03127e-05 
9.2 1.69944e-05 
9.2 1.69807e-05 
9.22764 1.42323e-05 
9.27236 1.06304e-05 
9.3 8.84059e-06 
9.3 8.83146e-06 
9.32764 7.36522e-06 
9.37236 5.45283e-06 
9.4 4.50703e-06 
9.4 4.5011e-06 
9.42764 3.7357e-06 
9.47236 2.74149e-06 
9.5 2.25177e-06 
9.5 2.24802e-06 
9.52764 1.85709e-06 
9.57236 1.35097e-06 
9.6 1.10248e-06 
9.6 1.10016e-06 
9.62764 9.04838e-07 
9.67236 6.52544e-07 
9.7 5.28948e-07 
9.7 5.27554e-07 
9.72764 4.32104e-07 
9.77236 3.08945e-07 
9.8 2.48676e-07 
9.8 2.47858e-07 
9.82764 2.0225e-07 
9.87236 1.43373e-07 
9.9 1.14554e-07 
9.9 1.14085e-07 
9.92764 9.27841e-08 
9.97236 6.52196e-08 
10 5.17028e-08 
